600000
578866
600000
599999
599999
599824
600000
599999
578849
561417
540369
599999
600000
600000
599999
578902
561281
600000
600000
578849
561394
540355
522932
599998
578903
561465
600000
578920
561463
540435
522947
501917
600000
578772
599999
578768
600000
578914
561472
600000
578838
561229
599999
580840
563375
599999
600000
569371
599997
572634
554164
532162
599999
581302
563770
600000
577744
600000
577875
559441
600000
578894
599999
578805
600000
578796
599999
583477
600000
578654
599999
578764
600000
578917
600000
578371
599998
